epoch,batch_num,loss
1,1,7.319386
1,2,5.968831
1,3,7.820601
1,4,8.258437
1,5,5.848599
1,6,7.489613
1,7,5.835299
1,8,6.517630
1,9,5.890215
1,10,6.444983
1,11,4.782285
1,12,5.512375
1,13,5.612992
1,14,5.599105
1,15,5.333944
1,16,4.537233
1,17,5.255295
1,18,4.789032
1,19,5.178663
1,20,5.074339
1,21,5.070402
1,22,4.753643
1,23,5.158111
1,24,5.288686
1,25,4.861004
1,26,4.674782
1,27,4.602690
1,28,5.013680
1,29,4.593375
1,30,4.748631
1,31,4.773550
2,1,4.897816
2,2,4.555643
2,3,4.729688
2,4,4.719346
2,5,4.844858
2,6,3.946666
2,7,4.664137
2,8,4.266166
2,9,4.304570
2,10,4.475875
2,11,4.384139
2,12,4.913074
2,13,4.834912
2,14,4.737737
2,15,4.359424
2,16,4.572346
2,17,4.736273
2,18,4.395491
2,19,3.926250
2,20,4.143229
2,21,4.728743
2,22,4.576037
2,23,4.740558
2,24,4.705977
2,25,3.687157
2,26,4.690494
2,27,4.678768
2,28,4.691082
2,29,4.486306
2,30,4.648908
2,31,3.850158
3,1,3.843103
3,2,4.028691
3,3,4.050370
3,4,4.226351
3,5,4.602168
3,6,4.689292
3,7,4.010118
3,8,4.635401
3,9,4.405154
3,10,4.658537
3,11,3.674605
3,12,3.920801
3,13,4.265137
3,14,4.377009
3,15,3.972902
3,16,4.146926
3,17,3.706236
3,18,4.338432
3,19,4.634004
3,20,4.710230
3,21,4.328146
3,22,3.897679
3,23,3.564152
3,24,4.489823
3,25,4.675111
3,26,3.825074
3,27,4.768936
3,28,4.816729
3,29,3.400353
3,30,4.210210
3,31,4.455769
4,1,4.033389
4,2,4.370665
4,3,3.954831
4,4,4.212239
4,5,4.284557
4,6,3.635423
4,7,3.870584
4,8,3.956442
4,9,3.970085
4,10,3.959157
4,11,4.193482
4,12,4.539002
4,13,4.545937
4,14,3.909324
4,15,4.278401
4,16,4.436509
4,17,4.308202
4,18,3.686299
4,19,4.128730
4,20,3.998582
4,21,4.034727
4,22,3.682992
4,23,3.922909
4,24,4.041073
4,25,4.357864
4,26,4.309209
4,27,4.037453
4,28,4.227437
4,29,4.471540
4,30,4.051266
4,31,3.848812
5,1,4.050582
5,2,4.047878
5,3,4.346102
5,4,3.768665
5,5,3.829578
5,6,4.133490
5,7,4.071710
5,8,3.946895
5,9,3.896632
5,10,3.664236
5,11,4.579558
5,12,3.638141
5,13,3.839951
5,14,4.043887
5,15,4.251693
5,16,3.598921
5,17,4.151109
5,18,3.574774
5,19,4.171911
5,20,3.788916
5,21,4.236949
5,22,4.055629
5,23,4.096480
5,24,3.799011
5,25,3.845263
5,26,3.939111
5,27,3.646961
5,28,3.870940
5,29,3.719649
5,30,4.263492
5,31,3.814085
6,1,4.308244
6,2,3.421418
6,3,3.764205
6,4,3.724824
6,5,3.336575
6,6,3.974806
6,7,3.865564
6,8,4.076600
6,9,4.095385
6,10,3.642642
6,11,4.135171
6,12,3.184902
6,13,3.818771
6,14,4.011334
6,15,3.758474
6,16,3.689252
6,17,3.762143
6,18,3.859955
6,19,3.739877
6,20,4.184661
6,21,4.012931
6,22,3.604433
6,23,4.130295
6,24,3.633309
6,25,4.014854
6,26,3.484779
6,27,3.739634
6,28,3.872325
6,29,4.030356
6,30,3.772095
6,31,3.918773
7,1,4.094878
7,2,3.512745
7,3,3.839005
7,4,4.174442
7,5,3.564934
7,6,3.819294
7,7,3.994540
7,8,3.397519
7,9,3.341679
7,10,3.514045
7,11,3.886260
7,12,3.730655
7,13,4.165376
7,14,3.658944
7,15,4.083302
7,16,3.749116
7,17,4.157365
7,18,2.826223
7,19,3.038420
7,20,3.631589
7,21,3.661342
7,22,3.723715
7,23,3.969180
7,24,3.791312
7,25,4.136548
7,26,4.123328
7,27,3.311691
7,28,3.061521
7,29,3.919085
7,30,3.475928
7,31,4.305548
8,1,3.695908
8,2,3.970570
8,3,3.495556
8,4,3.475874
8,5,3.633816
8,6,4.155474
8,7,3.717603
8,8,4.035321
8,9,4.120184
8,10,3.543986
8,11,3.399323
8,12,4.007521
8,13,3.855387
8,14,3.581863
8,15,3.181420
8,16,3.955472
8,17,3.708884
8,18,3.334477
8,19,3.455900
8,20,2.944391
8,21,3.720333
8,22,3.737244
8,23,3.509735
8,24,3.723925
8,25,3.247818
8,26,3.283443
8,27,3.423025
8,28,2.933299
8,29,3.418403
8,30,3.362595
8,31,3.860191
9,1,3.656362
9,2,2.977831
9,3,3.429682
9,4,3.516867
9,5,3.505258
9,6,3.363978
9,7,3.635418
9,8,3.950412
9,9,3.909984
9,10,3.780503
9,11,3.280295
9,12,3.402022
9,13,3.023439
9,14,3.729933
9,15,3.746935
9,16,3.696018
9,17,3.691041
9,18,3.209064
9,19,3.333755
9,20,3.153041
9,21,4.000057
9,22,3.543845
9,23,3.881766
9,24,3.505652
9,25,3.492038
9,26,3.956482
9,27,3.771824
9,28,3.241607
9,29,3.669336
9,30,3.295448
9,31,3.454738
10,1,3.366976
10,2,3.302776
10,3,3.700596
10,4,3.632460
10,5,3.546947
10,6,3.210054
10,7,3.173147
10,8,3.358626
10,9,3.452912
10,10,3.177465
10,11,3.404274
10,12,2.877818
10,13,3.323875
10,14,3.949547
10,15,3.462124
10,16,3.722387
10,17,3.614538
10,18,3.785751
10,19,3.601884
10,20,3.018532
10,21,3.625497
10,22,3.472559
10,23,3.344754
10,24,3.319495
10,25,3.595762
10,26,3.337229
10,27,2.991979
10,28,3.530888
10,29,2.749929
10,30,3.595974
10,31,3.538226
11,1,2.806223
11,2,2.557159
11,3,3.606429
11,4,3.588716
11,5,3.256330
11,6,3.187244
11,7,3.186058
11,8,3.193569
11,9,3.103019
11,10,3.716317
11,11,3.232258
11,12,3.423887
11,13,3.303165
11,14,3.316684
11,15,3.160522
11,16,3.669267
11,17,3.729718
11,18,2.919062
11,19,3.692081
11,20,3.366754
11,21,3.569525
11,22,2.959517
11,23,3.794919
11,24,3.140886
11,25,3.264252
11,26,3.035254
11,27,3.816643
11,28,3.221965
11,29,3.911474
11,30,2.431136
11,31,3.316516
12,1,3.285044
12,2,3.380254
12,3,3.277582
12,4,3.059389
12,5,3.169180
12,6,3.575147
12,7,2.759636
12,8,3.538176
12,9,3.540540
12,10,3.447595
12,11,3.070651
12,12,3.112082
12,13,3.144565
12,14,3.189381
12,15,3.210041
12,16,3.283931
12,17,3.055629
12,18,3.055319
12,19,3.414093
12,20,3.298315
12,21,3.088720
12,22,2.798476
12,23,2.671023
12,24,3.218457
12,25,3.497305
12,26,3.100674
12,27,3.231570
12,28,3.351976
12,29,3.231567
12,30,3.125914
12,31,3.581417
13,1,2.526264
13,2,2.661008
13,3,3.216359
13,4,3.284914
13,5,3.407472
13,6,2.552883
13,7,3.156644
13,8,2.577494
13,9,3.271302
13,10,3.327326
13,11,2.938807
13,12,3.045003
13,13,3.529998
13,14,3.079257
13,15,3.116567
13,16,3.585396
13,17,3.105370
13,18,2.689330
13,19,3.119354
13,20,3.267445
13,21,3.074411
13,22,2.936953
13,23,2.932942
13,24,3.314402
13,25,3.168069
13,26,3.679117
13,27,2.924322
13,28,2.947049
13,29,3.627576
13,30,3.425871
13,31,3.512611
14,1,2.682432
14,2,2.756290
14,3,2.963715
14,4,3.161790
14,5,2.937970
14,6,3.378052
14,7,2.595435
14,8,2.922471
14,9,3.294943
14,10,3.044725
14,11,3.200566
14,12,3.027889
14,13,3.254441
14,14,2.936443
14,15,3.051024
14,16,3.096513
14,17,3.280970
14,18,2.756148
14,19,3.242703
14,20,2.996873
14,21,3.241775
14,22,3.413321
14,23,3.090038
14,24,2.648228
14,25,3.132609
14,26,2.667348
14,27,2.806032
14,28,3.021505
14,29,2.704757
14,30,3.247420
14,31,3.107567
15,1,2.967707
15,2,2.429964
15,3,2.940042
15,4,3.001766
15,5,2.377463
15,6,3.058526
15,7,3.222802
15,8,2.896146
15,9,2.919664
15,10,3.217037
15,11,2.854983
15,12,3.156150
15,13,3.129613
15,14,2.318374
15,15,2.874519
15,16,2.763778
15,17,2.940387
15,18,3.189416
15,19,3.280385
15,20,2.721048
15,21,2.707387
15,22,3.333890
15,23,2.915403
15,24,2.924623
15,25,3.183698
15,26,3.098461
15,27,2.879278
15,28,2.601386
15,29,2.853243
15,30,3.054209
15,31,2.977097
16,1,2.914711
16,2,2.809410
16,3,2.693148
16,4,2.542810
16,5,2.684320
16,6,3.085810
16,7,2.802884
16,8,3.036499
16,9,2.947768
16,10,2.861442
16,11,2.751813
16,12,2.816589
16,13,2.370992
16,14,3.248888
16,15,2.847790
16,16,3.011253
16,17,3.013677
16,18,2.823978
16,19,2.603621
16,20,2.275563
16,21,2.934644
16,22,2.680114
16,23,2.917654
16,24,3.029022
16,25,3.182547
16,26,2.900626
16,27,2.977007
16,28,3.079554
16,29,2.808735
16,30,3.187885
16,31,2.794186
17,1,2.845557
17,2,2.399846
17,3,2.487647
17,4,2.611059
17,5,3.343351
17,6,2.463408
17,7,2.660859
17,8,2.886420
17,9,2.767476
17,10,2.954799
17,11,2.946116
17,12,2.949411
17,13,2.473603
17,14,3.216446
17,15,2.497308
17,16,2.553373
17,17,2.633288
17,18,2.928576
17,19,2.606246
17,20,2.885235
17,21,2.353283
17,22,2.834256
17,23,2.698873
17,24,2.761723
17,25,2.949890
17,26,2.675312
17,27,2.821243
17,28,2.631957
17,29,2.993178
17,30,3.088145
17,31,2.652917
18,1,2.887455
18,2,2.395556
18,3,2.626461
18,4,2.822606
18,5,2.806832
18,6,2.835191
18,7,2.415890
18,8,2.862351
18,9,2.697995
18,10,2.456241
18,11,2.884343
18,12,2.558493
18,13,2.674478
18,14,2.392309
18,15,2.880420
18,16,2.689614
18,17,2.598393
18,18,2.481249
18,19,2.360800
18,20,2.661927
18,21,2.762073
18,22,2.936837
18,23,2.604955
18,24,2.748372
18,25,2.580398
18,26,2.791921
18,27,2.588415
18,28,2.867676
18,29,2.716768
18,30,2.622744
18,31,2.992116
19,1,2.334391
19,2,2.760491
19,3,2.252004
19,4,2.528327
19,5,2.259282
19,6,2.589705
19,7,2.881285
19,8,2.521581
19,9,2.453299
19,10,2.904846
19,11,2.591466
19,12,2.886252
19,13,2.478694
19,14,2.410276
19,15,2.780080
19,16,2.714692
19,17,2.687717
19,18,2.512268
19,19,2.782648
19,20,2.784186
19,21,2.683581
19,22,2.630322
19,23,2.332136
19,24,2.662224
19,25,2.763305
19,26,2.790403
19,27,2.492182
19,28,2.782593
19,29,2.404662
19,30,2.635249
19,31,2.494509
20,1,2.538060
20,2,2.622302
20,3,2.616153
20,4,2.563784
20,5,2.591448
20,6,2.860336
20,7,2.438582
20,8,2.493154
20,9,2.433327
20,10,2.395050
20,11,2.140236
20,12,2.445493
20,13,2.398414
20,14,2.630046
20,15,2.520317
20,16,2.405308
20,17,2.476185
20,18,2.706713
20,19,2.335052
20,20,3.002300
20,21,2.288527
20,22,2.622108
20,23,2.344606
20,24,2.105864
20,25,2.739452
20,26,2.821336
20,27,2.157742
20,28,2.745181
20,29,2.505162
20,30,2.752311
20,31,2.418822
21,1,2.144704
21,2,2.558084
21,3,1.925138
21,4,2.217252
21,5,2.265244
21,6,2.491450
21,7,2.400765
21,8,2.402292
21,9,2.469113
21,10,2.313002
21,11,2.501445
21,12,2.436221
21,13,2.664192
21,14,2.663913
21,15,2.445828
21,16,2.416848
21,17,2.589413
21,18,2.597496
21,19,2.209821
21,20,2.445932
21,21,2.221597
21,22,2.100016
21,23,2.806750
21,24,2.382431
21,25,2.473655
21,26,2.805133
21,27,2.757658
21,28,2.212579
21,29,2.513873
21,30,2.274252
21,31,2.153947
22,1,2.182622
22,2,2.470968
22,3,2.063308
22,4,2.880783
22,5,2.143950
22,6,1.800325
22,7,2.231557
22,8,2.465107
22,9,1.986361
22,10,2.387483
22,11,2.504598
22,12,2.381282
22,13,2.045337
22,14,2.240194
22,15,2.438480
22,16,2.207544
22,17,2.502564
22,18,2.213222
22,19,2.149622
22,20,2.508502
22,21,2.505350
22,22,2.161178
22,23,2.635477
22,24,2.467679
22,25,2.353344
22,26,2.596682
22,27,2.506217
22,28,2.436594
22,29,2.406748
22,30,2.425952
22,31,2.483948
23,1,2.265348
23,2,2.056154
23,3,2.396698
23,4,2.060013
23,5,2.257248
23,6,2.354805
23,7,2.385793
23,8,2.763749
23,9,2.044104
23,10,2.251790
23,11,2.630232
23,12,2.304870
23,13,1.961329
23,14,2.219661
23,15,2.255081
23,16,2.413374
23,17,2.349391
23,18,2.263785
23,19,2.390743
23,20,2.121949
23,21,2.182950
23,22,2.320979
23,23,2.183233
23,24,1.829009
23,25,2.245997
23,26,2.370990
23,27,2.148694
23,28,2.168139
23,29,2.367270
23,30,2.266371
23,31,2.251319
24,1,2.171698
24,2,2.493363
24,3,2.045384
24,4,2.097091
24,5,2.320932
24,6,2.255759
24,7,2.075215
24,8,2.203846
24,9,2.164364
24,10,1.814148
24,11,2.062828
24,12,2.474061
24,13,2.248348
24,14,1.931127
24,15,2.107189
24,16,2.096792
24,17,2.125411
24,18,2.026818
24,19,2.294673
24,20,2.213815
24,21,2.394026
24,22,2.024949
24,23,2.367149
24,24,2.107327
24,25,1.955748
24,26,2.082865
24,27,2.146669
24,28,2.399740
24,29,2.459065
24,30,2.343457
24,31,2.488142
25,1,2.008233
25,2,2.088319
25,3,2.069044
25,4,2.140549
25,5,2.253287
25,6,1.965746
25,7,1.822381
25,8,2.371006
25,9,2.067303
25,10,1.739102
25,11,2.183558
25,12,2.293683
25,13,1.999671
25,14,2.158203
25,15,2.094804
25,16,1.735278
25,17,2.185083
25,18,2.225230
25,19,2.445329
25,20,1.989679
25,21,2.351217
25,22,2.134495
25,23,2.007729
25,24,2.304698
25,25,2.083521
25,26,2.419809
25,27,2.151376
25,28,2.240777
25,29,2.161852
25,30,2.050282
25,31,1.920552
26,1,1.885843
26,2,2.098650
26,3,2.006536
26,4,1.925495
26,5,2.029371
26,6,2.182098
26,7,2.141227
26,8,2.192611
26,9,2.051701
26,10,1.993593
26,11,2.205236
26,12,1.983226
26,13,2.041366
26,14,2.115817
26,15,2.007316
26,16,1.873873
26,17,1.911000
26,18,1.978072
26,19,1.861401
26,20,2.008888
26,21,2.408067
26,22,2.183599
26,23,1.830641
26,24,2.259175
26,25,2.178071
26,26,2.129088
26,27,2.506607
26,28,2.377408
26,29,2.038130
26,30,2.099118
26,31,1.668076
27,1,1.988634
27,2,1.879677
27,3,2.044512
27,4,1.897830
27,5,1.947451
27,6,2.278305
27,7,1.885191
27,8,1.956865
27,9,1.671883
27,10,2.069686
27,11,2.029364
27,12,1.850426
27,13,2.086957
27,14,2.150941
27,15,1.882010
27,16,2.325445
27,17,2.168943
27,18,1.701824
27,19,2.290853
27,20,2.120568
27,21,1.706740
27,22,1.898939
27,23,1.787025
27,24,2.106212
27,25,2.201210
27,26,1.400760
27,27,1.870884
27,28,2.227750
27,29,2.107245
27,30,1.793884
27,31,1.994197
28,1,1.895511
28,2,2.008328
28,3,1.752599
28,4,1.662988
28,5,1.972464
28,6,2.279776
28,7,1.948821
28,8,1.737332
28,9,1.828202
28,10,1.707163
28,11,1.981174
28,12,1.910051
28,13,1.931854
28,14,1.898837
28,15,1.869546
28,16,2.012363
28,17,2.205679
28,18,1.904243
28,19,1.803901
28,20,1.937018
28,21,1.910471
28,22,1.995571
28,23,1.844328
28,24,1.983714
28,25,1.758300
28,26,1.953654
28,27,1.969548
28,28,2.001356
28,29,1.968972
28,30,2.272055
28,31,1.965912
29,1,1.885138
29,2,1.822803
29,3,2.013691
29,4,1.761456
29,5,1.770535
29,6,1.889355
29,7,1.749244
29,8,1.774907
29,9,1.853124
29,10,1.822133
29,11,1.764896
29,12,1.808766
29,13,1.780877
29,14,1.696310
29,15,1.842422
29,16,1.899004
29,17,2.093137
29,18,2.062703
29,19,1.771077
29,20,1.968117
29,21,1.803719
29,22,1.988525
29,23,1.785700
29,24,1.979324
29,25,2.025200
29,26,1.657356
29,27,1.961286
29,28,1.643822
29,29,1.541860
29,30,1.929385
29,31,2.028360
30,1,1.883772
30,2,1.830930
30,3,1.711964
30,4,1.966737
30,5,1.767091
30,6,2.037088
30,7,1.927929
30,8,1.787745
30,9,1.867555
30,10,1.596153
30,11,1.933339
30,12,2.013511
30,13,1.730816
30,14,1.790630
30,15,1.803573
30,16,1.996868
30,17,1.771883
30,18,1.685126
30,19,1.774616
30,20,1.801506
30,21,1.832531
30,22,1.562963
30,23,1.695684
30,24,1.681885
30,25,1.995448
30,26,1.961442
30,27,2.036637
30,28,1.691691
30,29,1.798157
30,30,1.889048
30,31,1.831160
31,1,1.791631
31,2,1.848256
31,3,1.484969
31,4,1.785640
31,5,1.744642
31,6,2.001557
31,7,1.974918
31,8,1.892906
31,9,1.674524
31,10,1.808755
31,11,1.898808
31,12,1.461185
31,13,1.234342
31,14,1.856695
31,15,1.641553
31,16,1.906391
31,17,1.628932
31,18,1.645013
31,19,1.651956
31,20,1.911095
31,21,1.612477
31,22,1.636199
31,23,1.563334
31,24,1.853584
31,25,1.905787
31,26,1.806466
31,27,1.748146
31,28,1.587857
31,29,1.839133
31,30,1.854477
31,31,1.876798
32,1,1.798605
32,2,1.852391
32,3,1.735923
32,4,1.435112
32,5,1.569798
32,6,1.728650
32,7,2.058875
32,8,1.873601
32,9,1.497192
32,10,1.519640
32,11,1.749524
32,12,1.558467
32,13,1.763104
32,14,1.476656
32,15,1.761136
32,16,1.541059
32,17,1.533758
32,18,1.824515
32,19,1.604321
32,20,1.793463
32,21,1.882530
32,22,1.669153
32,23,1.504456
32,24,1.774585
32,25,1.672406
32,26,1.686368
32,27,1.727782
32,28,1.490219
32,29,1.670067
32,30,1.493230
32,31,1.312558
33,1,1.560020
33,2,1.557339
33,3,1.575928
33,4,1.710182
33,5,1.593145
33,6,1.896154
33,7,1.521658
33,8,1.814900
33,9,1.548474
33,10,1.680525
33,11,1.432804
33,12,1.364335
33,13,1.666248
33,14,1.797969
33,15,1.605063
33,16,1.391757
33,17,1.582210
33,18,1.624115
33,19,1.584581
33,20,1.664382
33,21,1.685226
33,22,1.778329
33,23,1.515180
33,24,1.686302
33,25,1.507888
33,26,1.973954
33,27,1.466167
33,28,1.736814
33,29,1.759554
33,30,1.645804
33,31,1.681904
34,1,1.569247
34,2,1.370945
34,3,1.797688
34,4,1.488796
34,5,1.501860
34,6,1.829818
34,7,1.671351
34,8,1.270720
34,9,1.755828
34,10,1.450716
34,11,1.596248
34,12,1.551187
34,13,1.673401
34,14,1.682632
34,15,1.576308
34,16,1.544253
34,17,1.743348
34,18,1.754214
34,19,1.545744
34,20,1.504887
34,21,1.613339
34,22,1.733338
34,23,1.704957
34,24,1.384351
34,25,1.632858
34,26,1.617008
34,27,1.610553
34,28,1.776063
34,29,1.458786
34,30,1.875386
34,31,1.600826
35,1,1.450135
35,2,1.495775
35,3,1.406920
35,4,1.604805
35,5,1.518596
35,6,1.147593
35,7,1.657605
35,8,1.727018
35,9,1.667595
35,10,1.411429
35,11,1.350466
35,12,1.637862
35,13,1.620640
35,14,1.547247
35,15,1.713953
35,16,1.617821
35,17,1.462375
35,18,1.609651
35,19,1.500715
35,20,1.627852
35,21,1.457674
35,22,1.374676
35,23,1.565635
35,24,1.379364
35,25,1.649658
35,26,1.581590
35,27,1.535023
35,28,1.405170
35,29,1.604869
35,30,1.446483
35,31,1.478974
36,1,1.588517
36,2,1.521892
36,3,1.441718
36,4,1.405776
36,5,1.500531
36,6,1.529675
36,7,1.556502
36,8,1.487729
36,9,1.588610
36,10,1.415067
36,11,1.438447
36,12,1.678876
36,13,1.358717
36,14,1.442028
36,15,1.489029
36,16,1.369741
36,17,1.472775
36,18,1.424024
36,19,1.482558
36,20,1.714803
36,21,1.471152
36,22,1.584542
36,23,1.432109
36,24,1.550452
36,25,1.341686
36,26,1.505041
36,27,1.438920
36,28,1.234774
36,29,1.442831
36,30,1.697083
36,31,1.565178
37,1,1.445518
37,2,1.133613
37,3,1.372470
37,4,1.623239
37,5,1.564423
37,6,1.416920
37,7,1.464774
37,8,1.502384
37,9,1.203084
37,10,1.614967
37,11,1.478217
37,12,1.359851
37,13,1.336939
37,14,1.148043
37,15,1.394646
37,16,1.384489
37,17,1.544457
37,18,1.181342
37,19,1.364961
37,20,1.410562
37,21,1.590320
37,22,1.478439
37,23,1.483464
37,24,1.614201
37,25,1.533245
37,26,1.465631
37,27,1.540557
37,28,1.559673
37,29,1.435342
37,30,1.280678
37,31,1.576400
38,1,1.538223
38,2,1.085543
38,3,1.229129
38,4,1.494173
38,5,1.244888
38,6,1.428288
38,7,1.430214
38,8,1.384829
38,9,1.456476
38,10,1.616490
38,11,1.385921
38,12,1.404629
38,13,1.218426
38,14,1.330703
38,15,1.481358
38,16,1.462999
38,17,1.608290
38,18,1.521869
38,19,1.560497
38,20,1.273061
38,21,1.498499
38,22,1.258251
38,23,1.519582
38,24,1.514765
38,25,1.441639
38,26,1.541791
38,27,1.495178
38,28,1.183702
38,29,1.336970
38,30,1.410600
38,31,1.315421
39,1,1.384632
39,2,1.245174
39,3,1.466368
39,4,1.447366
39,5,1.194157
39,6,1.423158
39,7,1.408031
39,8,1.427510
39,9,1.128250
39,10,1.243641
39,11,1.441999
39,12,1.400757
39,13,1.512942
39,14,1.470477
39,15,1.477405
39,16,1.464888
39,17,1.356433
39,18,1.226341
39,19,1.399895
39,20,1.176868
39,21,1.050151
39,22,1.283380
39,23,1.109319
39,24,1.496138
39,25,1.570970
39,26,1.492428
39,27,1.275515
39,28,1.415853
39,29,1.442952
39,30,1.385955
39,31,1.303465
40,1,1.314849
40,2,1.245840
40,3,1.235522
40,4,1.569227
40,5,1.240248
40,6,1.301137
40,7,1.308867
40,8,1.369525
40,9,1.590156
40,10,1.348813
40,11,1.371168
40,12,1.486584
40,13,1.363646
40,14,1.493461
40,15,1.383949
40,16,1.422189
40,17,1.296447
40,18,1.354686
40,19,1.171246
40,20,1.290608
40,21,1.177317
40,22,1.333384
40,23,1.383489
40,24,1.229566
40,25,1.218906
40,26,1.537222
40,27,1.516501
40,28,1.112793
40,29,1.503532
40,30,1.221691
40,31,1.287876
41,1,1.153791
41,2,1.272976
41,3,1.273103
41,4,1.221277
41,5,1.197206
41,6,1.294423
41,7,1.094129
41,8,1.273658
41,9,1.310375
41,10,1.349567
41,11,1.380576
41,12,1.129572
41,13,1.415511
41,14,1.140391
41,15,1.251616
41,16,1.272799
41,17,1.203795
41,18,1.265560
41,19,1.390799
41,20,1.026248
41,21,1.316647
41,22,1.358530
41,23,1.193324
41,24,1.384518
41,25,1.434838
41,26,1.239721
41,27,1.374716
41,28,1.556341
41,29,1.391480
41,30,1.348776
41,31,1.221803
42,1,1.199692
42,2,1.160508
42,3,1.294176
42,4,1.241051
42,5,1.327247
42,6,1.255192
42,7,1.266059
42,8,1.259915
42,9,0.977174
42,10,1.252202
42,11,1.263646
42,12,1.391209
42,13,1.332122
42,14,1.245142
42,15,1.187364
42,16,1.224148
42,17,1.085335
42,18,1.064685
42,19,1.231332
42,20,1.371920
42,21,1.127534
42,22,1.290906
42,23,1.117056
42,24,1.097518
42,25,1.295036
42,26,1.153984
42,27,1.281248
42,28,1.457601
42,29,1.192521
42,30,1.290857
42,31,1.005255
43,1,1.218866
43,2,1.318699
43,3,1.282968
43,4,1.197410
43,5,1.207880
43,6,1.240500
43,7,1.212999
43,8,1.168838
43,9,1.151472
43,10,1.107370
43,11,1.289022
43,12,1.358490
43,13,1.294730
43,14,1.228530
43,15,1.154151
43,16,1.101501
43,17,0.944667
43,18,1.390259
43,19,1.174403
43,20,0.941536
43,21,1.234954
43,22,1.207042
43,23,1.210523
43,24,1.185498
43,25,1.145960
43,26,1.342806
43,27,1.097901
43,28,1.137352
43,29,1.274528
43,30,1.265281
43,31,1.038217
44,1,1.059065
44,2,1.131506
44,3,1.200718
44,4,0.995063
44,5,1.042239
44,6,0.994800
44,7,1.248802
44,8,0.936076
44,9,1.174007
44,10,1.276577
44,11,1.221958
44,12,1.351133
44,13,1.074418
44,14,1.266999
44,15,1.426245
44,16,1.148175
44,17,1.139924
44,18,1.288281
44,19,1.207958
44,20,1.325648
44,21,1.196183
44,22,1.056549
44,23,1.322825
44,24,1.290013
44,25,1.208606
44,26,1.042871
44,27,1.199720
44,28,1.100634
44,29,1.187001
44,30,1.142943
44,31,1.126864
45,1,1.240142
45,2,1.136542
45,3,1.310902
45,4,1.210545
45,5,0.834998
45,6,0.929121
45,7,1.105589
45,8,1.051806
45,9,1.037764
45,10,1.177170
45,11,1.326457
45,12,1.240290
45,13,1.090668
45,14,1.222055
45,15,1.069965
45,16,1.269028
45,17,1.160315
45,18,1.264102
45,19,1.163656
45,20,1.242619
45,21,1.087534
45,22,1.233936
45,23,1.144086
45,24,1.226421
45,25,1.007337
45,26,1.246636
45,27,1.219405
45,28,1.098476
45,29,1.052218
45,30,1.310385
45,31,1.173749
46,1,0.983056
46,2,1.064636
46,3,1.102352
46,4,1.161418
46,5,1.225207
46,6,1.096591
46,7,1.074323
46,8,0.913194
46,9,1.382036
46,10,1.207765
46,11,0.985945
46,12,0.981405
46,13,1.116214
46,14,1.391641
46,15,1.099002
46,16,1.120170
46,17,1.095901
46,18,1.128640
46,19,1.099879
46,20,1.152320
46,21,1.095696
46,22,0.901886
46,23,1.106020
46,24,1.061866
46,25,1.185940
46,26,1.186957
46,27,1.099267
46,28,1.191343
46,29,1.165714
46,30,0.977156
46,31,1.070982
47,1,1.158106
47,2,0.989639
47,3,1.126435
47,4,1.017747
47,5,0.943711
47,6,0.932482
47,7,0.984590
47,8,0.977113
47,9,1.359092
47,10,1.077894
47,11,1.047202
47,12,0.953666
47,13,1.019579
47,14,1.086923
47,15,0.967200
47,16,1.077632
47,17,0.926362
47,18,1.083169
47,19,1.092670
47,20,1.080390
47,21,1.339140
47,22,1.183100
47,23,1.125698
47,24,1.050833
47,25,1.031924
47,26,1.133138
47,27,1.244095
47,28,1.227247
47,29,1.041807
47,30,1.102963
47,31,1.239391
48,1,1.057211
48,2,1.228098
48,3,1.084293
48,4,1.030676
48,5,0.931153
48,6,0.998286
48,7,1.250362
48,8,1.019991
48,9,1.112168
48,10,0.947079
48,11,1.074425
48,12,1.019941
48,13,1.055112
48,14,0.914410
48,15,0.995448
48,16,1.115623
48,17,0.880452
48,18,1.180853
48,19,0.992548
48,20,0.888726
48,21,1.200840
48,22,1.050854
48,23,1.109113
48,24,0.899816
48,25,1.135811
48,26,1.103297
48,27,1.191990
48,28,0.965256
48,29,0.982436
48,30,0.984932
48,31,1.046150
49,1,1.267183
49,2,0.957888
49,3,1.146142
49,4,0.992063
49,5,1.084786
49,6,1.133831
49,7,1.035604
49,8,1.145380
49,9,0.941034
49,10,0.955805
49,11,1.044497
49,12,1.061388
49,13,1.122876
49,14,0.984314
49,15,1.214203
49,16,1.053707
49,17,1.089885
49,18,1.063845
49,19,1.125398
49,20,0.972610
49,21,0.826414
49,22,0.981535
49,23,0.822052
49,24,1.081290
49,25,1.085938
49,26,0.944685
49,27,0.819635
49,28,1.024256
49,29,0.982885
49,30,1.064076
49,31,0.995993
50,1,1.069854
50,2,1.090034
50,3,0.944028
50,4,0.857453
50,5,0.872237
50,6,0.997385
50,7,1.078565
50,8,1.202158
50,9,1.027250
50,10,0.955896
50,11,0.856495
50,12,0.943708
50,13,1.001420
50,14,1.134311
50,15,0.873777
50,16,1.033553
50,17,1.100043
50,18,0.884854
50,19,1.058434
50,20,0.882604
50,21,0.985886
50,22,0.853069
50,23,0.978871
50,24,0.857648
50,25,0.984057
50,26,0.966202
50,27,0.957275
50,28,0.959744
50,29,1.154863
50,30,1.279399
50,31,0.957860
51,1,1.098310
51,2,0.758239
51,3,1.092533
51,4,0.842715
51,5,0.949814
51,6,0.786369
51,7,1.007281
51,8,1.212970
51,9,0.959951
51,10,1.079832
51,11,0.982134
51,12,1.180795
51,13,0.866366
51,14,0.936607
51,15,1.089402
51,16,0.954840
51,17,1.063101
51,18,1.026958
51,19,0.983524
51,20,0.913966
51,21,1.131793
51,22,0.837928
51,23,1.072804
51,24,0.800590
51,25,0.925802
51,26,0.929372
51,27,0.923639
51,28,0.951788
51,29,1.023215
51,30,1.074234
51,31,0.907324
52,1,0.718640
52,2,1.076944
52,3,0.910853
52,4,1.124769
52,5,0.963686
52,6,0.947019
52,7,1.106965
52,8,0.865648
52,9,0.843432
52,10,0.941192
52,11,0.947431
52,12,0.775565
52,13,0.689433
52,14,0.798841
52,15,0.990677
52,16,1.021606
52,17,1.003335
52,18,1.030004
52,19,1.047634
52,20,0.866147
52,21,0.919368
52,22,1.183616
52,23,0.907561
52,24,0.904185
52,25,0.917629
52,26,0.943948
52,27,0.735867
52,28,0.908584
52,29,0.836406
52,30,0.889522
52,31,0.886244
53,1,1.016303
53,2,0.971863
53,3,1.157192
53,4,0.959077
53,5,0.927166
53,6,0.974456
53,7,0.840317
53,8,0.952748
53,9,0.955498
53,10,0.910588
53,11,1.217355
53,12,0.878333
53,13,0.937365
53,14,0.912392
53,15,0.821355
53,16,0.800981
53,17,0.940010
53,18,1.064996
53,19,0.933397
53,20,1.061625
53,21,0.849174
53,22,1.052726
53,23,0.915674
53,24,0.953639
53,25,1.041681
53,26,0.852882
53,27,1.029260
53,28,0.861199
53,29,1.048371
53,30,0.826321
53,31,0.903467
54,1,0.920241
54,2,0.752828
54,3,0.811993
54,4,1.047844
54,5,0.746769
54,6,0.870996
54,7,0.818894
54,8,0.829563
54,9,0.987499
54,10,0.746082
54,11,0.844959
54,12,0.953603
54,13,0.757571
54,14,0.920823
54,15,0.869174
54,16,0.915563
54,17,0.937860
54,18,0.994067
54,19,0.872431
54,20,0.898216
54,21,0.944968
54,22,0.813559
54,23,0.993193
54,24,0.966794
54,25,0.900744
54,26,0.964383
54,27,0.956711
54,28,1.146660
54,29,0.842235
54,30,0.940895
54,31,0.963555
55,1,0.914359
55,2,0.929064
55,3,0.850974
55,4,0.817597
55,5,0.859778
55,6,0.942249
55,7,0.850010
55,8,0.836987
55,9,0.886253
55,10,0.817175
55,11,0.707224
55,12,0.911474
55,13,0.809154
55,14,1.071110
55,15,0.944789
55,16,0.809379
55,17,1.010273
55,18,0.724556
55,19,1.005404
55,20,0.903866
55,21,0.735252
55,22,0.831330
55,23,0.858208
55,24,0.953772
55,25,0.929313
55,26,0.896866
55,27,0.967948
55,28,0.832088
55,29,0.895306
55,30,0.755785
55,31,0.866958
56,1,1.082996
56,2,0.765068
56,3,0.709786
56,4,0.831674
56,5,0.873700
56,6,0.831369
56,7,0.708261
56,8,0.769645
56,9,0.828325
56,10,0.823779
56,11,0.862374
56,12,0.920730
56,13,0.849205
56,14,0.888607
56,15,1.001654
56,16,0.726400
56,17,0.806495
56,18,0.734068
56,19,0.809279
56,20,0.756828
56,21,0.829923
56,22,0.668236
56,23,0.902690
56,24,0.893719
56,25,0.840247
56,26,0.914433
56,27,0.763472
56,28,0.920578
56,29,1.013387
56,30,0.911197
56,31,0.930458
57,1,0.968797
57,2,0.892226
57,3,0.746906
57,4,0.836953
57,5,0.982397
57,6,0.837242
57,7,0.897917
57,8,0.849345
57,9,0.902495
57,10,0.876946
57,11,0.876001
57,12,0.859197
57,13,0.819366
57,14,0.743504
57,15,0.847238
57,16,0.911613
57,17,0.905616
57,18,0.716624
57,19,0.942773
57,20,0.817119
57,21,0.781785
57,22,0.873892
57,23,0.719425
57,24,0.746411
57,25,1.111538
57,26,0.921449
57,27,0.864102
57,28,0.894467
57,29,0.902128
57,30,0.723644
57,31,0.932839
58,1,0.811654
58,2,0.726785
58,3,0.901847
58,4,0.970043
58,5,0.888187
58,6,0.557936
58,7,0.728224
58,8,0.766395
58,9,0.850331
58,10,0.884065
58,11,0.698125
58,12,0.955981
58,13,0.910776
58,14,0.764215
58,15,0.821649
58,16,0.690129
58,17,0.867320
58,18,0.971161
58,19,0.781947
58,20,0.915469
58,21,0.784075
58,22,0.771172
58,23,0.851596
58,24,0.760965
58,25,0.829520
58,26,0.757492
58,27,0.880838
58,28,0.630113
58,29,0.746034
58,30,1.003290
58,31,0.728213
59,1,0.775507
59,2,0.877368
59,3,0.909691
59,4,0.846794
59,5,0.966195
59,6,0.884456
59,7,0.923180
59,8,0.749462
59,9,0.780103
59,10,0.934598
59,11,0.824992
59,12,0.828053
59,13,0.756038
59,14,0.844400
59,15,0.697464
59,16,0.743685
59,17,0.766056
59,18,0.795635
59,19,0.736023
59,20,0.755991
59,21,0.812894
59,22,0.732279
59,23,0.764607
59,24,0.766373
59,25,0.929950
59,26,0.843411
59,27,0.835981
59,28,0.769928
59,29,0.789573
59,30,0.758339
59,31,0.797223
60,1,0.763033
60,2,0.697795
60,3,0.740192
60,4,0.693457
60,5,0.899659
60,6,0.844901
60,7,0.898323
60,8,0.740074
60,9,0.796850
60,10,0.735648
60,11,0.702981
60,12,0.665087
60,13,0.787432
60,14,0.814936
60,15,0.706810
60,16,0.753097
60,17,0.727710
60,18,0.764477
60,19,0.919134
60,20,0.823924
60,21,0.839529
60,22,0.927429
60,23,0.732431
60,24,0.637837
60,25,0.723343
60,26,0.826842
60,27,0.751075
60,28,0.977524
60,29,0.764929
60,30,0.852935
60,31,0.834073
61,1,0.708977
61,2,0.712880
61,3,0.829059
61,4,0.701549
61,5,0.658012
61,6,0.650665
61,7,0.865924
61,8,0.582704
61,9,0.714338
61,10,0.679909
61,11,0.637504
61,12,0.669371
61,13,0.795967
61,14,0.810518
61,15,0.849380
61,16,0.697664
61,17,0.794348
61,18,0.781913
61,19,0.717396
61,20,0.830439
61,21,0.641796
61,22,0.741560
61,23,0.658905
61,24,0.775076
61,25,0.755426
61,26,0.806957
61,27,0.881814
61,28,0.729934
61,29,0.719611
61,30,0.876471
61,31,0.763896
62,1,0.716293
62,2,0.574272
62,3,0.665919
62,4,0.756579
62,5,0.774972
62,6,0.598994
62,7,0.725560
62,8,0.698596
62,9,0.624035
62,10,0.672423
62,11,0.729424
62,12,0.927581
62,13,0.832132
62,14,0.749318
62,15,0.764110
62,16,0.687237
62,17,0.725142
62,18,0.812316
62,19,0.738736
62,20,0.870302
62,21,0.942245
62,22,0.795826
62,23,0.704544
62,24,0.701535
62,25,0.746331
62,26,0.727476
62,27,0.684713
62,28,0.608284
62,29,0.610339
62,30,0.829736
62,31,0.818994
63,1,0.751671
63,2,0.794809
63,3,0.752396
63,4,0.618013
63,5,0.776957
63,6,0.746618
63,7,0.790018
63,8,0.922252
63,9,0.716117
63,10,0.810260
63,11,0.553387
63,12,0.793808
63,13,0.654983
63,14,0.704170
63,15,0.599668
63,16,0.722435
63,17,0.763130
63,18,0.815903
63,19,0.737323
63,20,0.580262
63,21,0.608026
63,22,0.823867
63,23,0.761066
63,24,0.709950
63,25,0.800521
63,26,0.691325
63,27,0.678374
63,28,0.854894
63,29,0.673918
63,30,0.722492
63,31,0.816748
64,1,0.684484
64,2,0.745998
64,3,0.618295
64,4,0.648637
64,5,0.555886
64,6,0.720854
64,7,0.785943
64,8,0.751709
64,9,0.897554
64,10,0.692279
64,11,0.671952
64,12,0.861881
64,13,0.654837
64,14,0.794644
64,15,0.710838
64,16,0.750504
64,17,0.959239
64,18,0.652618
64,19,0.593328
64,20,0.733812
64,21,0.753721
64,22,0.776439
64,23,0.676051
64,24,0.792148
64,25,0.676586
64,26,0.731233
64,27,0.674988
64,28,0.789289
64,29,0.659052
64,30,0.697997
64,31,0.827872
65,1,0.823496
65,2,0.716171
65,3,0.796932
65,4,0.640615
65,5,0.612461
65,6,0.608021
65,7,0.663522
65,8,0.731733
65,9,0.829173
65,10,0.650086
65,11,0.753976
65,12,0.702021
65,13,0.806843
65,14,0.655931
65,15,0.702147
65,16,0.640760
65,17,0.817439
65,18,0.703798
65,19,0.624953
65,20,0.670212
65,21,0.779999
65,22,0.646584
65,23,0.748391
65,24,0.862930
65,25,0.579057
65,26,0.617407
65,27,0.724183
65,28,0.680005
65,29,0.760814
65,30,0.648083
65,31,0.725180
66,1,0.652900
66,2,0.698403
66,3,0.694068
66,4,0.765922
66,5,0.542824
66,6,0.713611
66,7,0.671086
66,8,0.733786
66,9,0.729655
66,10,0.574768
66,11,0.733164
66,12,0.689934
66,13,0.714375
66,14,0.612048
66,15,0.669776
66,16,0.661749
66,17,0.681968
66,18,0.571370
66,19,0.807698
66,20,0.738107
66,21,0.608529
66,22,0.780035
66,23,0.650348
66,24,0.740493
66,25,0.671299
66,26,0.784948
66,27,0.622555
66,28,0.699195
66,29,0.743242
66,30,0.599854
66,31,0.707599
67,1,0.855074
67,2,0.688479
67,3,0.652644
67,4,0.684830
67,5,0.575876
67,6,0.599141
67,7,0.687389
67,8,0.689722
67,9,0.712618
67,10,0.654827
67,11,0.683514
67,12,0.639555
67,13,0.590540
67,14,0.720355
67,15,0.644480
67,16,0.517406
67,17,0.678812
67,18,0.744548
67,19,0.771214
67,20,0.623457
67,21,0.721026
67,22,0.598591
67,23,0.808080
67,24,0.634679
67,25,0.737866
67,26,0.723357
67,27,0.738597
67,28,0.647464
67,29,0.659513
67,30,0.705593
67,31,0.510105
68,1,0.794915
68,2,0.660078
68,3,0.640218
68,4,0.609064
68,5,0.637350
68,6,0.664368
68,7,0.561370
68,8,0.592692
68,9,0.646927
68,10,0.731637
68,11,0.601594
68,12,0.584190
68,13,0.637403
68,14,0.577753
68,15,0.670912
68,16,0.803851
68,17,0.644263
68,18,0.606066
68,19,0.544385
68,20,0.687741
68,21,0.626554
68,22,0.744452
68,23,0.662407
68,24,0.632917
68,25,0.633476
68,26,0.659795
68,27,0.858416
68,28,0.725974
68,29,0.600093
68,30,0.757174
68,31,0.713693
69,1,0.613491
69,2,0.660685
69,3,0.597181
69,4,0.747760
69,5,0.722169
69,6,0.577419
69,7,0.683430
69,8,0.788238
69,9,0.650078
69,10,0.591319
69,11,0.617124
69,12,0.637250
69,13,0.535356
69,14,0.695578
69,15,0.691170
69,16,0.597797
69,17,0.639709
69,18,0.597656
69,19,0.633988
69,20,0.597270
69,21,0.768855
69,22,0.610451
69,23,0.719449
69,24,0.713844
69,25,0.626232
69,26,0.570387
69,27,0.843642
69,28,0.600334
69,29,0.678697
69,30,0.670501
69,31,0.806967
70,1,0.583627
70,2,0.565582
70,3,0.707686
70,4,0.698090
70,5,0.579787
70,6,0.522894
70,7,0.675880
70,8,0.729762
70,9,0.558712
70,10,0.787326
70,11,0.560254
70,12,0.730519
70,13,0.542024
70,14,0.699445
70,15,0.664468
70,16,0.552811
70,17,0.692001
70,18,0.605146
70,19,0.695258
70,20,0.523389
70,21,0.622415
70,22,0.702137
70,23,0.684785
70,24,0.600079
70,25,0.672218
70,26,0.570002
70,27,0.640127
70,28,0.569669
70,29,0.674627
70,30,0.633260
70,31,0.713491
71,1,0.568838
71,2,0.634155
71,3,0.574926
71,4,0.809867
71,5,0.604883
71,6,0.616756
71,7,0.519233
71,8,0.615790
71,9,0.544615
71,10,0.766367
71,11,0.702877
71,12,0.628751
71,13,0.632822
71,14,0.582744
71,15,0.563359
71,16,0.662747
71,17,0.599661
71,18,0.464619
71,19,0.611776
71,20,0.580995
71,21,0.561291
71,22,0.576748
71,23,0.578229
71,24,0.588231
71,25,0.708575
71,26,0.614723
71,27,0.660986
71,28,0.617901
71,29,0.595633
71,30,0.647825
71,31,0.557970
72,1,0.643549
72,2,0.586281
72,3,0.568595
72,4,0.532079
72,5,0.625030
72,6,0.717765
72,7,0.691425
72,8,0.597623
72,9,0.573894
72,10,0.627619
72,11,0.842816
72,12,0.591712
72,13,0.572238
72,14,0.660551
72,15,0.639341
72,16,0.516743
72,17,0.528077
72,18,0.549774
72,19,0.688138
72,20,0.607155
72,21,0.547183
72,22,0.726833
72,23,0.690558
72,24,0.610535
72,25,0.634467
72,26,0.572887
72,27,0.665961
72,28,0.691911
72,29,0.720096
72,30,0.610693
72,31,0.675783
73,1,0.509878
73,2,0.592885
73,3,0.648875
73,4,0.641421
73,5,0.666819
73,6,0.567986
73,7,0.673387
73,8,0.521987
73,9,0.606869
73,10,0.620590
73,11,0.558812
73,12,0.600385
73,13,0.689045
73,14,0.480169
73,15,0.567918
73,16,0.750630
73,17,0.686962
73,18,0.637200
73,19,0.600736
73,20,0.498801
73,21,0.578266
73,22,0.684663
73,23,0.567492
73,24,0.584897
73,25,0.678910
73,26,0.595154
73,27,0.567380
73,28,0.686481
73,29,0.512818
73,30,0.632887
73,31,0.615960
74,1,0.577406
74,2,0.724352
74,3,0.619169
74,4,0.547917
74,5,0.540359
74,6,0.572178
74,7,0.603890
74,8,0.655378
74,9,0.672073
74,10,0.609605
74,11,0.521689
74,12,0.625586
74,13,0.672742
74,14,0.645115
74,15,0.653512
74,16,0.515990
74,17,0.639880
74,18,0.681457
74,19,0.692176
74,20,0.610475
74,21,0.753235
74,22,0.750321
74,23,0.619577
74,24,0.515083
74,25,0.530451
74,26,0.751191
74,27,0.574468
74,28,0.558355
74,29,0.599867
74,30,0.649195
74,31,0.674766
75,1,0.557590
75,2,0.582356
75,3,0.650543
75,4,0.551813
75,5,0.551667
75,6,0.618084
75,7,0.661787
75,8,0.631601
75,9,0.525665
75,10,0.767933
75,11,0.544733
75,12,0.543371
75,13,0.567487
75,14,0.660986
75,15,0.784124
75,16,0.592932
75,17,0.584920
75,18,0.547380
75,19,0.501770
75,20,0.532737
75,21,0.561157
75,22,0.609369
75,23,0.515443
75,24,0.731837
75,25,0.578007
75,26,0.569933
75,27,0.582261
75,28,0.566309
75,29,0.554950
75,30,0.601609
75,31,0.610124
76,1,0.504882
76,2,0.663656
76,3,0.565636
76,4,0.632922
76,5,0.547626
76,6,0.599670
76,7,0.445626
76,8,0.522986
76,9,0.564280
76,10,0.492370
76,11,0.480645
76,12,0.673589
76,13,0.603281
76,14,0.491496
76,15,0.581638
76,16,0.545603
76,17,0.663745
76,18,0.620442
76,19,0.584104
76,20,0.491333
76,21,0.575818
76,22,0.784136
76,23,0.605162
76,24,0.583460
76,25,0.509746
76,26,0.493052
76,27,0.594497
76,28,0.640770
76,29,0.567949
76,30,0.558338
76,31,0.626665
77,1,0.572232
77,2,0.532501
77,3,0.596154
77,4,0.563273
77,5,0.573186
77,6,0.652804
77,7,0.436554
77,8,0.580441
77,9,0.511227
77,10,0.619968
77,11,0.451560
77,12,0.450115
77,13,0.554965
77,14,0.532137
77,15,0.627473
77,16,0.599181
77,17,0.448323
77,18,0.609398
77,19,0.557791
77,20,0.590501
77,21,0.494410
77,22,0.616966
77,23,0.613147
77,24,0.555054
77,25,0.492784
77,26,0.621629
77,27,0.617736
77,28,0.484156
77,29,0.491695
77,30,0.540903
77,31,0.474598
78,1,0.503484
78,2,0.553270
78,3,0.461538
78,4,0.568920
78,5,0.605235
78,6,0.554177
78,7,0.561977
78,8,0.555108
78,9,0.625318
78,10,0.605474
78,11,0.539569
78,12,0.508344
78,13,0.526249
78,14,0.698671
78,15,0.697688
78,16,0.518502
78,17,0.572417
78,18,0.595936
78,19,0.542913
78,20,0.623313
78,21,0.595658
78,22,0.599619
78,23,0.674572
78,24,0.785342
78,25,0.505501
78,26,0.579524
78,27,0.589271
78,28,0.486846
78,29,0.607364
78,30,0.652237
78,31,0.596364
79,1,0.545188
79,2,0.505368
79,3,0.617849
79,4,0.545492
79,5,0.435317
79,6,0.612531
79,7,0.536917
79,8,0.504410
79,9,0.557025
79,10,0.519671
79,11,0.539760
79,12,0.531635
79,13,0.562393
79,14,0.557889
79,15,0.601264
79,16,0.455407
79,17,0.482619
79,18,0.497224
79,19,0.466770
79,20,0.529906
79,21,0.600948
79,22,0.600842
79,23,0.561042
79,24,0.516909
79,25,0.608866
79,26,0.488618
79,27,0.531749
79,28,0.511905
79,29,0.536491
79,30,0.541181
79,31,0.566006
80,1,0.482075
80,2,0.554040
80,3,0.481708
80,4,0.529592
80,5,0.447504
80,6,0.544969
80,7,0.504799
80,8,0.592351
80,9,0.499423
80,10,0.560707
80,11,0.699176
80,12,0.547586
80,13,0.556332
80,14,0.542052
80,15,0.560719
80,16,0.543684
80,17,0.654794
80,18,0.467003
80,19,0.462659
80,20,0.476155
80,21,0.519088
80,22,0.662975
80,23,0.543803
80,24,0.496985
80,25,0.547780
80,26,0.496340
80,27,0.539247
80,28,0.557560
80,29,0.505054
80,30,0.537267
80,31,0.517979
81,1,0.557728
81,2,0.499765
81,3,0.555633
81,4,0.429084
81,5,0.415218
81,6,0.463415
81,7,0.495320
81,8,0.464515
81,9,0.510351
81,10,0.550337
81,11,0.410014
81,12,0.553618
81,13,0.567434
81,14,0.542832
81,15,0.668288
81,16,0.503030
81,17,0.630817
81,18,0.470690
81,19,0.601270
81,20,0.472465
81,21,0.508197
81,22,0.406737
81,23,0.510882
81,24,0.420806
81,25,0.555426
81,26,0.644904
81,27,0.425484
81,28,0.570560
81,29,0.499256
81,30,0.523012
81,31,0.641419
82,1,0.622074
82,2,0.502590
82,3,0.621870
82,4,0.661628
82,5,0.443760
82,6,0.464988
82,7,0.529647
82,8,0.479109
82,9,0.510761
82,10,0.453412
82,11,0.579994
82,12,0.545490
82,13,0.527332
82,14,0.517949
82,15,0.579126
82,16,0.512280
82,17,0.546802
82,18,0.480747
82,19,0.472089
82,20,0.488518
82,21,0.566080
82,22,0.663068
82,23,0.558964
82,24,0.458929
82,25,0.508921
82,26,0.551083
82,27,0.531855
82,28,0.520507
82,29,0.507629
82,30,0.491652
82,31,0.526906
83,1,0.488944
83,2,0.591073
83,3,0.481997
83,4,0.583125
83,5,0.486395
83,6,0.574155
83,7,0.591679
83,8,0.511514
83,9,0.500575
83,10,0.435621
83,11,0.552826
83,12,0.521962
83,13,0.481271
83,14,0.543802
83,15,0.566211
83,16,0.487051
83,17,0.524398
83,18,0.482181
83,19,0.511618
83,20,0.626151
83,21,0.513524
83,22,0.564881
83,23,0.534853
83,24,0.483044
83,25,0.513145
83,26,0.546883
83,27,0.598351
83,28,0.437740
83,29,0.445789
83,30,0.554288
83,31,0.553212
84,1,0.457848
84,2,0.447461
84,3,0.497423
84,4,0.512256
84,5,0.477301
84,6,0.504377
84,7,0.461533
84,8,0.450441
84,9,0.492110
84,10,0.582080
84,11,0.495287
84,12,0.444975
84,13,0.442298
84,14,0.491266
84,15,0.566960
84,16,0.546174
84,17,0.463961
84,18,0.497130
84,19,0.540124
84,20,0.463777
84,21,0.476261
84,22,0.491680
84,23,0.467338
84,24,0.490680
84,25,0.417939
84,26,0.523214
84,27,0.613884
84,28,0.511016
84,29,0.553589
84,30,0.529817
84,31,0.500626
85,1,0.459219
85,2,0.446750
85,3,0.426736
85,4,0.460708
85,5,0.513964
85,6,0.532675
85,7,0.436131
85,8,0.492562
85,9,0.525281
85,10,0.529736
85,11,0.434970
85,12,0.503805
85,13,0.399253
85,14,0.602995
85,15,0.418837
85,16,0.423937
85,17,0.475368
85,18,0.447756
85,19,0.585324
85,20,0.558783
85,21,0.517265
85,22,0.436638
85,23,0.512533
85,24,0.541491
85,25,0.559495
85,26,0.569719
85,27,0.503341
85,28,0.465106
85,29,0.491313
85,30,0.505893
85,31,0.473788
86,1,0.405506
86,2,0.541849
86,3,0.478618
86,4,0.364327
86,5,0.659099
86,6,0.621698
86,7,0.424869
86,8,0.514072
86,9,0.548762
86,10,0.454016
86,11,0.509589
86,12,0.515359
86,13,0.457078
86,14,0.571668
86,15,0.453023
86,16,0.550816
86,17,0.405956
86,18,0.579930
86,19,0.541719
86,20,0.466392
86,21,0.435208
86,22,0.489282
86,23,0.451639
86,24,0.435147
86,25,0.514366
86,26,0.558854
86,27,0.508053
86,28,0.448558
86,29,0.485866
86,30,0.624730
86,31,0.452735
87,1,0.458373
87,2,0.394289
87,3,0.492294
87,4,0.493181
87,5,0.544070
87,6,0.566248
87,7,0.520402
87,8,0.412338
87,9,0.602488
87,10,0.508859
87,11,0.461390
87,12,0.439782
87,13,0.494402
87,14,0.534424
87,15,0.498654
87,16,0.375753
87,17,0.423964
87,18,0.454769
87,19,0.580384
87,20,0.474543
87,21,0.466057
87,22,0.430649
87,23,0.449181
87,24,0.506263
87,25,0.510297
87,26,0.594469
87,27,0.602875
87,28,0.582541
87,29,0.557199
87,30,0.455223
87,31,0.472052
88,1,0.401685
88,2,0.450488
88,3,0.445660
88,4,0.556336
88,5,0.481439
88,6,0.401764
88,7,0.619561
88,8,0.444222
88,9,0.526969
88,10,0.338178
88,11,0.551152
88,12,0.546402
88,13,0.481868
88,14,0.551021
88,15,0.477500
88,16,0.574112
88,17,0.529722
88,18,0.359808
88,19,0.504039
88,20,0.441982
88,21,0.529152
88,22,0.333968
88,23,0.449073
88,24,0.427811
88,25,0.439430
88,26,0.459685
88,27,0.511628
88,28,0.548047
88,29,0.542664
88,30,0.611197
88,31,0.432697
89,1,0.453173
89,2,0.455919
89,3,0.391859
89,4,0.486389
89,5,0.450594
89,6,0.370676
89,7,0.481251
89,8,0.439397
89,9,0.427009
89,10,0.382291
89,11,0.474750
89,12,0.467129
89,13,0.500516
89,14,0.470828
89,15,0.506442
89,16,0.449336
89,17,0.382469
89,18,0.483750
89,19,0.512451
89,20,0.417329
89,21,0.455069
89,22,0.435282
89,23,0.548051
89,24,0.377507
89,25,0.402530
89,26,0.573190
89,27,0.497605
89,28,0.506534
89,29,0.456625
89,30,0.507907
89,31,0.489909
90,1,0.509716
90,2,0.449475
90,3,0.435837
90,4,0.500692
90,5,0.471407
90,6,0.468469
90,7,0.559067
90,8,0.496918
90,9,0.482569
90,10,0.484025
90,11,0.593062
90,12,0.503492
90,13,0.528495
90,14,0.418329
90,15,0.555944
90,16,0.519296
90,17,0.467190
90,18,0.480085
90,19,0.450551
90,20,0.376511
90,21,0.432478
90,22,0.439206
90,23,0.506481
90,24,0.481545
90,25,0.480573
90,26,0.455646
90,27,0.424164
90,28,0.485269
90,29,0.432053
90,30,0.426682
90,31,0.472112
91,1,0.444299
91,2,0.631785
91,3,0.510504
91,4,0.398916
91,5,0.386383
91,6,0.373640
91,7,0.537437
91,8,0.414324
91,9,0.494945
91,10,0.580628
91,11,0.425806
91,12,0.551515
91,13,0.493103
91,14,0.438492
91,15,0.477275
91,16,0.459383
91,17,0.427021
91,18,0.518778
91,19,0.512951
91,20,0.389686
91,21,0.545422
91,22,0.476339
91,23,0.400037
91,24,0.561297
91,25,0.452081
91,26,0.486126
91,27,0.422026
91,28,0.505972
91,29,0.414190
91,30,0.514363
91,31,0.461457
92,1,0.449696
92,2,0.542298
92,3,0.374669
92,4,0.406346
92,5,0.449065
92,6,0.380325
92,7,0.421650
92,8,0.475653
92,9,0.405872
92,10,0.410304
92,11,0.445275
92,12,0.480666
92,13,0.495601
92,14,0.461554
92,15,0.381139
92,16,0.512651
92,17,0.354631
92,18,0.465573
92,19,0.465227
92,20,0.419974
92,21,0.491958
92,22,0.520978
92,23,0.485831
92,24,0.433272
92,25,0.416423
92,26,0.532536
92,27,0.528524
92,28,0.498532
92,29,0.461491
92,30,0.536518
92,31,0.485385
93,1,0.494846
93,2,0.432846
93,3,0.480349
93,4,0.406445
93,5,0.497824
93,6,0.426500
93,7,0.454797
93,8,0.484910
93,9,0.447295
93,10,0.480488
93,11,0.486597
93,12,0.540256
93,13,0.394236
93,14,0.450242
93,15,0.398110
93,16,0.494884
93,17,0.465771
93,18,0.417449
93,19,0.480575
93,20,0.472057
93,21,0.420034
93,22,0.456872
93,23,0.410683
93,24,0.573847
93,25,0.386891
93,26,0.386439
93,27,0.449432
93,28,0.505853
93,29,0.552978
93,30,0.455158
93,31,0.414280
94,1,0.386289
94,2,0.475437
94,3,0.370340
94,4,0.484474
94,5,0.411234
94,6,0.490541
94,7,0.449780
94,8,0.391460
94,9,0.442589
94,10,0.382711
94,11,0.468380
94,12,0.484875
94,13,0.471633
94,14,0.435909
94,15,0.512054
94,16,0.585170
94,17,0.458494
94,18,0.521336
94,19,0.398797
94,20,0.447347
94,21,0.374254
94,22,0.409648
94,23,0.434289
94,24,0.404562
94,25,0.477158
94,26,0.460720
94,27,0.523946
94,28,0.571701
94,29,0.464316
94,30,0.420466
94,31,0.458945
95,1,0.409499
95,2,0.416919
95,3,0.457155
95,4,0.441178
95,5,0.425985
95,6,0.519821
95,7,0.382649
95,8,0.443975
95,9,0.449031
95,10,0.385244
95,11,0.429304
95,12,0.356973
95,13,0.387561
95,14,0.359848
95,15,0.532737
95,16,0.466163
95,17,0.462630
95,18,0.415386
95,19,0.392039
95,20,0.479722
95,21,0.426872
95,22,0.468972
95,23,0.462538
95,24,0.368296
95,25,0.346671
95,26,0.430481
95,27,0.473433
95,28,0.463602
95,29,0.392458
95,30,0.341847
95,31,0.470764
96,1,0.391230
96,2,0.493193
96,3,0.465725
96,4,0.462629
96,5,0.427611
96,6,0.532986
96,7,0.398636
96,8,0.474135
96,9,0.433747
96,10,0.453808
96,11,0.462156
96,12,0.447098
96,13,0.424723
96,14,0.379166
96,15,0.414290
96,16,0.506070
96,17,0.454136
96,18,0.442533
96,19,0.437899
96,20,0.379011
96,21,0.485321
96,22,0.336424
96,23,0.402309
96,24,0.401784
96,25,0.413983
96,26,0.468267
96,27,0.453373
96,28,0.502993
96,29,0.493980
96,30,0.482990
96,31,0.470025
97,1,0.430168
97,2,0.455264
97,3,0.422141
97,4,0.366421
97,5,0.422561
97,6,0.410027
97,7,0.500228
97,8,0.456911
97,9,0.389575
97,10,0.361761
97,11,0.430895
97,12,0.473602
97,13,0.451697
97,14,0.362590
97,15,0.365007
97,16,0.419280
97,17,0.443006
97,18,0.442127
97,19,0.362759
97,20,0.483642
97,21,0.331964
97,22,0.484386
97,23,0.451005
97,24,0.450400
97,25,0.390908
97,26,0.468004
97,27,0.411336
97,28,0.382640
97,29,0.469107
97,30,0.361083
97,31,0.373172
98,1,0.453913
98,2,0.342856
98,3,0.462443
98,4,0.421308
98,5,0.383731
98,6,0.494667
98,7,0.480311
98,8,0.383841
98,9,0.433056
98,10,0.353423
98,11,0.351130
98,12,0.374256
98,13,0.477441
98,14,0.427343
98,15,0.377135
98,16,0.388871
98,17,0.416217
98,18,0.469049
98,19,0.439155
98,20,0.464681
98,21,0.468654
98,22,0.397052
98,23,0.341628
98,24,0.368066
98,25,0.439908
98,26,0.406767
98,27,0.464421
98,28,0.430726
98,29,0.421333
98,30,0.439529
98,31,0.430996
99,1,0.445984
99,2,0.374468
99,3,0.452604
99,4,0.369365
99,5,0.477285
99,6,0.362595
99,7,0.368576
99,8,0.384942
99,9,0.410887
99,10,0.362669
99,11,0.399437
99,12,0.420465
99,13,0.469082
99,14,0.440076
99,15,0.425551
99,16,0.392098
99,17,0.445839
99,18,0.386379
99,19,0.371250
99,20,0.469737
99,21,0.368974
99,22,0.404336
99,23,0.381807
99,24,0.377826
99,25,0.333739
99,26,0.485788
99,27,0.390298
99,28,0.446094
99,29,0.480691
99,30,0.407983
99,31,0.431147
100,1,0.355096
100,2,0.369215
100,3,0.343135
100,4,0.394896
100,5,0.393795
100,6,0.387851
100,7,0.487756
100,8,0.388903
100,9,0.387751
100,10,0.369427
100,11,0.429897
100,12,0.288716
100,13,0.412983
100,14,0.406443
100,15,0.354487
100,16,0.398589
100,17,0.443512
100,18,0.397144
100,19,0.332278
100,20,0.435581
100,21,0.405630
100,22,0.405924
100,23,0.392783
100,24,0.463538
100,25,0.426856
100,26,0.411546
100,27,0.470136
100,28,0.401170
100,29,0.522700
100,30,0.490484
100,31,0.411415
